# Created by Octave 5.2.0, Fri May 22 23:47:03 2020 GMT <unknown@DESKTOP-REG8IR7>
# name: result_red
# type: matrix
# rows: 1
# columns: 90
 107 107 107 107 107 107 107 107 108 108 108 108 109 109 110 111 112 114 115 117 119 122 125 128 132 136 140 145 150 155 160 165 170 175 179 182 185 187 187 186 184 181 175 169 161 152 142 131 119 108 97 86 77 68 61 55 52 50 49 51 54 58 63 69 76 83 90 97 104 110 116 121 125 128 131 132 133 134 133 133 131 130 128 125 123 120 117 114 110 107


