# Created by Octave 5.2.0, Fri May 22 23:50:54 2020 GMT <unknown@DESKTOP-REG8IR7>
# name: result
# type: matrix
# rows: 1
# columns: 90
 139 139 139 139 139 139 139 139 139 140 140 140 141 141 142 142 143 144 146 147 149 151 153 156 159 162 165 169 172 176 180 184 187 190 193 195 196 196 195 193 190 186 180 175 168 161 155 148 142 137 133 131 130 131 133 137 142 148 155 162 169 176 183 189 194 198 200 202 203 202 201 199 196 192 189 185 181 177 173 169 165 162 158 155 152 149 146 144 141 139


