# Created by Octave 5.2.0, Fri May 22 23:49:52 2020 GMT <unknown@DESKTOP-REG8IR7>
# name: result_red
# type: matrix
# rows: 1
# columns: 90
 132 132 132 132 132 132 132 132 133 133 133 133 133 133 133 133 133 133 134 134 134 134 134 134 134 135 135 136 137 138 140 142 144 147 150 154 159 163 169 174 180 186 191 197 202 207 211 214 216 217 217 216 214 210 206 200 194 188 181 174 167 161 154 149 144 139 135 132 130 128 127 126 126 126 126 127 127 128 129 129 130 131 131 131 132 132 132 132 132 132


